# 1:Iterations 2:l 3:n 4:real(guess) 5:imag(guess) 6:re(omega) 7:im(omega)
100    0    0    0.1104    -0.1048    0.1104549379335831846953315545149952354380738342533713264648095662844493277811084    -0.1048957106130748953723574445955623051014245329222569918740800365534235792602361
100    1    0    0.2911    -0.0980    0.2929361332672828090039059571487337751134859993712564601421981889183810673913098    -0.09765998891357812999432338734700935703711036507705915178693387047285884345825236
100    2    0    0.4832    -0.0968    0.4836438722107129867284142717829800897484727827852048826444064269297867872927647    -0.09675877597828786265883647578525830403507466750501756171909214235673351217167937
100    2    1    0.4632    -0.2958    0.4638505790197655329043129298455769678726953456547736222501863961543774672067328    -0.2956039369879625186437789476331959873376071209280047236769174395411541025502942
100    3    0    0.6752    -0.0965    0.6753662325366205353202578937181983356042737631598501308797879642660821802603589    -0.09649962773400958387689650825638000226800461235711682000988491576413396823693471
100    3    1    0.6604    -0.2923    0.6606714979559624748182288674616547838661894345759027473151821798812022392528581    -0.292284785138411886582729426012742932048310675790147415731581556715426620655031
100    3    2    0.6348    -0.4941    0.6336258076943236678906292384243899510055314796281854985976522405461496774274131    -0.4960082304031267501515965362679841234548337298935296846127218069068459075848857
100    4    0    0.8673    -0.0964    0.8674156417378790172233217568283832174271354932974993012136475455866877034217941    -0.09639169234802256387194884157712125576151014436877414788425334428787843499049978
100    4    1    0.8857    -0.2909    0.8558080351237755886995704950994094219439445067607011769748566117005081511737452    -0.2908760225332741894858812808714017082400341309526298747458630298762876827758918
100    4    2    0.8345    -0.4895    0.8336921325614892775640344149017609221964739930989032516937628923720501677311463    -0.490324894618146279489255353456975488348000062780292700686490866147554981659029
100    4    3    0.8064    -0.6926    0.8032881128609986654159363974903627197296596936877163245128169230818431411370441    -0.697481551234429895907622342274603146101873257246187562000752364465255610553051
100    5    0    1.0585    -0.096225    1.059611820809110841788355730922254189652055654961219911770038462167460852733639    -0.0963367812570672886089499272528792150407595527901035108994389061048237700951634
100    5    1    1.0585    -0.28868    1.050040945717610411040698602271541047028146523868642018655207966026168384094376    -0.2901540882126493200421663710552770239759689147968354931168444263215571169307828
100    5    2    1.0585    -0.48113    1.031498254599526945859414521113990638755229160819812263512617425409914975264859    -0.4873446076810882046338463023636786492399241479732659003329958199606446496943652
100    5    3    1.0585    -0.67358    1.005203463903999355914513895734763865945323624191765485348219804964080569220243    -0.6899274939252425791925329532824431393196852085033513159307514202410907551052885
100    5    4    1.0585    -0.86603    0.972969358315823139794378666413113275297500327139307733663449423358766483078619    -0.8994811945922122537952155618540058604471713783207188734748873975041638737394095
100    5    5    1.0585    -1.0585    0.93702675000647525171687684609080178489118728264099172803653649661398720088776    -1.116881234405753256185096091311740481401791148344173459955015376620891603875134
100    6    0    1.2509    -0.096225    1.251886529708680674131095771896300496728594932937025247481988751899427185709693    -0.09630511804148958221624558499834815297207992238195785202917251546615208705766127
100    6    1    1.2509    -0.28868    1.243752263482549791849610949853183261518509431823630343109620713962826509125777    -0.2897362984028882202262316629019898386722424333798443789816398223392500802394226
100    6    2    1.2509    -0.48113    1.227845187219947665078155759485442008209565213602189374013573870641078164276314    -0.4856018117300010381371866476511766961808780958021467855638395303987440687523438
100    6    3    1.2509    -0.67358    1.204901227910288452673676626798142629085166762142041327103186861311992270249247    -0.6854152856476508668473678711721900394094086583625565359340574396443190785429556
100    6    4    1.2509    -0.86603    1.176033321144519755003932842605035798582582191630277832370366779122699981609915    -0.8904844745640839033398045742398248799790098730503361832841866759361014380423005
100    6    5    1.2509    -1.0585    1.142684727079391396620460536685840413899343526007190552117159173808160386772617    -1.101774191483476724285376083539566654466442482949589388518338934225233349198874
100    6    6    1.2509    -1.2509    1.106501853127784786457633986245100106764194402756783604628210182746994484790379    -1.319777719482167813581005766952431766080629474979847613194879774115061824911407
100    7    0    1.4434    -0.096225    1.444208185878481054276947852002216695454685325802223485922749970776393341883824    -0.09628522257121997086526726074379416724747707249687957813481521595711523954501374
100    7    1    1.4434    -0.28868    1.43713902513951317743995054928763430345251636502366552385059299858981997514976    -0.2894732405410421249045362324488309148879676560044856904712594680998209711260184
100    7    2    1.4434    -0.48113    1.423235296142225419353690427660749408220213140571832778462086711446851314484573    -0.4844983541822901287249067999713138645137776221736366516065171281302233836927303
100    7    3    1.4434    -0.67358    1.40297369980880704692596217693042544743357097634128751398779851874688262017908    -0.682526926285086260383851389046309395028910018881577770681519995928455496487859
100    7    4    1.4434    -0.86603    1.377079163737287568918387388224820897680248275544422713576939402782924980715459    -0.8846182152980522260792259519487996487229790417095764716195189624126609139771887
100    7    5    1.4434    -1.0585    1.346513636350035355923476350739160855580405710567700166124767943579460419911357    -1.091651725755296907307697089453401324688254266597045230017706324176114922375922
100    7    6    1.4434    -1.2509    1.31243038814571747656235568770291817170868512086736620399151098140449852761721    -1.304246365717262497245293944839047503537929804331424448478898520751116462603177
100    7    7    1.4434    -1.4434    1.276085785108005990864414053352404289110728825246610502217822933538684961971013    -1.522695150604603949953710992904817943324871325575237615856134310660779798417107
100    8    0    1.6358    -0.096225    1.636560150805579102434177014209452592547725978831361430839393585855281409143271    -0.09627191351529497661130055158263697264266511757536103608500159251019438499603947
100    8    1    1.6358    -0.28868    1.630311187608832100566187052666631769964091966948390651992723014157825124982699    -0.2892970407314698732425070467703473806880794972833225128936339809948619268218323
100    8    2    1.6358    -0.48113    1.617974062371528501152636973478129786030216474956320895241041908852142280760362    -0.4837567877409016128165397296630670698872965565712671243441549262201394388151157
100    8    3    1.6358    -0.67358    1.599874815552019270991031941842246874636901245016464838347924857767026969961247    -0.6805735861423516181734618027836424320865085419494620271397474240451405522526676
100    8    4    1.6358    -0.86603    1.576509825390182598431535053985083417675148430217004058485280686246027865886693    -0.8806091221538271721916390173988554147096341146042947237034096945006787653079617
100    8    5    1.6358    -1.0585    1.548544528049249221447986976235809851010841704283053724628322619009338494598581    -1.084623855752607389745383718399042685127807141322192808957594516623739602331916
100    8    6    1.6358    -1.2509    1.516797108649875061192324939795541520919970826452773101543996102500307768162723    -1.293228442999007641021037334890890165336785211541536612376393521692192420723598
100    8    7    1.6358    -1.4434    1.482200254933889984783031797780869462713479785721248890623263774162700377711596    -1.506835675154459592250954851812005947945604653314631602106196804562423168522143
100    8    8    1.6358    -1.6358    1.44574023280847120862564744011666398092066426747054012773701081075716321618816    -1.725626185779739030109889851157387839286499784102991941004495420454829780685215
100    9    0    1.8283    -0.096225    1.828932821900078444379135920969773046650665309673660291604179461866605917723421    -0.09626257552464390867302916130316963327715144822988229623683962695976878361221474
100    9    1    1.8283    -0.28868    1.823334453407898487497674991472429113020564738623015645598748867213047127173714    -0.2891733071099497485909359282672800090287893366642756316616040885541661773674404
100    9    2    1.8283    -0.48113    1.812252708171677545039128531504655293858325467219116916002204408710020506012392    -0.4832349184485605417217487472706971064229825558635062199841611932822754773828751
100    9    3    1.8283    -0.67358    1.795920284375459415143028643105467239800245063323653314281774500358695738629239    -0.6791935334300749659181411954111630716019920826162287763793428269431891326788548
100    9    4    1.8283    -0.86603    1.774691263739034831082217463140291656837926466423008510906918393434084229054962    -0.8777583753977621991218538593352919791321012161402194137496679607539698562609133
100    9    5    1.8283    -1.0585    1.749042407630027950192087856380958649487652685208151996768161911363276847693631    -1.079577949059227933641412253526109635291650658931877240651095608055931910073251
100    9    6    1.8283    -1.2509    1.719567664877784667776060757168367300325937382138955601294403890019458727522345    -1.285210471831901215044800316650137744781909347034274967597579705780509529377089
100    9    7    1.8283    -1.4434    1.686961570039541993672519632036610101415651904540560365153584926335263910082025    -1.495091648626367741959814184854223253209778040904475297189275455758159554707134
100    9    8    1.8283    -1.6358    1.651989068374428418349903303977190088378926116837878952996480066594445957264244    -1.709505642229533656227234986764129535430686696716248316724237341859535354661413
100    9    9    1.8283    -1.8283    1.61544297211550614747574245884609758191543481692647620721894592622660839409253    -1.928566550858789969140304118233031259710982479835468426555690550834845029472975
100    10    0    2.0207    -0.096225    2.021320267415911252713955578702022064331945470866962482205496880609664922828274    -0.09625577304682494949285422855737405384099179525473222549892183207593181515215088
100    10    1    2.0207    -0.28868    2.01625034151600599067869816343803234672512840240403098156734823421874989770695    -0.2890831154818203157973371909701262916707694476298352107061913357633450137445323
100    10    2    2.0207    -0.48113    2.006195551068709527923983746369874314556201336742281024744328461553826320328477    -0.482853961351317002601918671576530649534989420254309397851090285808875857697384
100    10    3    2.0207    -0.67358    1.991327739981015649722518750781015310765184157889513160678640098374618252900076    -0.6781834782540438832463133516667656427695720848991386558000215654386084248488923
100    10    4    2.0207    -0.86603    1.971908101858155303018008205058579838709266220018020085757744574209950969391283    -0.8756631502727667009974957106693819805182124500611513055669450670922038754724574
100    10    5    2.0207    -1.0585    1.948288898856175240439420292298581949962824195952588127456352299589541089762385    -1.075846039063887272529400950415465220714029575867945362800603868843630004921853
100    10    6    2.0207    -1.2509    1.920912005371339074371655350645100208145623659899852444878418431292781047662944    -1.279228245412359450046238280261963204871677466632636190420811699671846435787929
100    10    7    2.0207    -1.4434    1.890301740512224501576884344840156724295444756225168561455905655690484479980876    -1.486227650401293162641844642099580450099624248788167282546849421878502682041983
100    10    8    2.0207    -1.6358    1.857049957437838731456607432487276762503517543492676785898192366306847948068987    -1.697162483198379390211056182756215412000083146089670917617060796660245899907552
100    10    9    2.0207    -1.8283    1.821792748249326559784695744273864117262831294634817332329948742841586444939558    -1.912233462841714198273849346668733101639430450604785894085106812881048767739566
100    10    10    2.0207    -2.0207    1.785180227355143853538782949631995833724041996647841134707164031756337927776669    -2.131513590656660526908697805330912020407938597812105248780877031405949212530614
100    11    0    2.2132    -0.096225    2.213718624718150987742964795295131709339010031755204055572289215208744555061259    -0.09625066498764161895098757429696108065094458432942075968349762199679174197256086
100    11    1    2.2132    -0.28868    2.209086317414317559833180632616533711709134366727774201011512138331285684545924    -0.289015359335898761165284224779618157728678215880682516383015356336767729038562
100    11    2    2.2132    -0.48113    2.199886385986233933680556567539645999176418577147503198419907099363747493732159    -0.4825674687273812307365524568078657306747217970639122405068597758801179692050465
100    11    3    2.2132    -0.67358    2.186249324978986398813705626248267469562269811748545845124989535054958375224434    -0.6774224935938969060943013701126493109775630417217774181277974893175642507485761
100    11    4    2.2132    -0.86603    2.168373231726727829005477870626147546799582813073983013870063110882145684023583    -0.8740800392991115817969334267116166813865372607882762435398507289451132062177329
100    11    5    2.2132    -1.0585    2.146525352746868058663667094357862158325050682697646162235732475379698441931764    -1.07301428056031035162335291466478180917873686531122420374674193781888212366041
100    11    6    2.2132    -1.2509    2.121042105378302439907057277492494765137629730738706334647918495136867172401636    -1.274661945269633117534318093405183896711197521718498911084541269053375888951359
100    11    7    2.2132    -1.4434    2.092326090843492751284358292956765685118193839851091542731815540640428611015092    -1.479408154395304248626674949813809096858648038510781228184526268345229411193372
100    11    8    2.2132    -1.6358    2.060838708799585329190144182408656712434671583077697699377189761181015685195105    -1.687571224872462419411466887023533437864804387081417997874942728817032036208899
100    11    9    2.2132    -1.8283    2.027087490957092304392678033660280502998564948755646335087195067141898454795109    -1.899388300240748837541354195406989063867410755861398749995895572509246609277851
100    11    10    2.2132    -2.0207    1.991608208059512670908080697332308704688604738417181140776728361261641160989214    -2.11500416656548762870258749659096217062306866969705298654535454127380011227192
100    11    11    2.2132    -2.2132    1.954943006132142747344312984322091735907454312021465934916849926800932557168925    -2.334465569422497040702616275357100962377931226223065224476544580992037058921895
100    12    0    2.4056    -0.096225    2.406125270168350673910138364999488960083011613261260653781036356413287484139574    -0.09624673209262738728903178228335195713053737846215433885827851303641563225998706
100    12    1    2.4056    -0.28868    2.40186125034975674600716659803112260406385937275667879635281363087734838189482    -0.2889631736769650362919281696662655622055644472708451942310023853941868056401794
100    12    2    2.4056    -0.48113    2.393383540853355449833079701414451083251598424527013973461851631322673871909311    -0.4823466412636882614874179439558476657031382676569939062596251959637434289187008
100    12    3    2.4056    -0.67358    2.380793563845323785361453289029114237197100531413777495668351713670540001844098    -0.6768351498595294212264442566188070898864896157064886979375050332997204625897028
100    12    4    2.4056    -0.86603    2.364245097171414530597812009247127179150674794213381274484889963128178175103825    -0.8728556467106556590191073217833097797099136366238627683564384523981026485692607
100    12    5    2.4056    -1.0585    2.343945528562865727739612899759611137037586672130987877776375544080607442292913    -1.070817599208211770369765575641261946266167111168278743658004634961838848303543
100    12    6    2.4056    -1.2509    2.32015636796474226908154659586440728472315536278699364548615493083851387342976    -1.27110494981819842213801559532408010838192361850988727202619473758506661134586
100    12    7    2.4056    -1.4434    2.29319213497857595781485143660508808314877171952744596155857331562334166734798    -1.474066503429815302231354904486793379613559327011296772225842323990176874248924
100    12    8    2.4056    -1.6358    2.263416718163773648592351332670284588784262477569612860927831219919535534331763    -1.680005223540990123331749843778718747910258849456908258005761843904161864054787
100    12    9    2.4056    -1.8283    2.231236476564248434471857364727213209580164034145207373620702138687133485878376    -1.889167360689128169634953154284253861284225039035422954055927431879720735641448
100    12    10    2.4056    -2.0207    2.197089757922925584837134819898963747230212100014589288511850496509043345239467    -2.101732716594161442977274514649953985568098639904415068733589070724820970494
100    12    11    2.4056    -2.2132    2.161433114474734826719266700784561898347067534893470668736518252437173222416758    -2.31780752669033591079371929329048488476959163485775451096826050209821669175594
100    12    12    2.4056    -2.4056    2.124725189491198381102348943989849594680905702083822886334148109561550381021656    -2.537421304858424215139603947481229488729034835715895372369494238155869185275998
100    13    0    2.5981    -0.096225    2.598538359078162634764095221381461596978292684563512708030022392782207341292686    -0.09624363975239854853116541164530233993997601965806793824272304955909696283935933
100    13    1    2.5981    -0.28868    2.594588520864518111647991147739760862413771483140845622401979882116847558271406    -0.2889221306869232825580256140578897239232351811525557576598157841720877223179458
100    13    2    2.5981    -0.48113    2.586728774109959002681887901585498990431083162835465749749543776225043729034674    -0.4821728619723969324248139663653310837940122144913349257933432188381829225046808
100    13    3    2.5981    -0.67358    2.575039506503523784536057885679959749645990990022357379440876360881929758729056    -0.67637248115867075665775079810384864324125722013398579514779331052537679753564
100    13    4    2.5981    -0.86603    2.559642468355146968602632055299208394389566231327126213160706056210405393300304    -0.871889688819528263731125175078594107914016462111582760293325848761832746219229
100    13    5    2.5981    -1.0585    2.540701753320582974359150009327149818497882464350631624128831105594669040457827    -1.069080780450431561903398502815313438202070903243937836066902724017486770741786
100    13    6    2.5981    -1.2509    2.518424420327944034365179378661302627242151469029667255697940179025336977531232    -1.268284096391578383600862926695723219687750743340218267750350043819434248990845
100    13    7    2.5981    -1.4434    2.49306021863850944504626927007603166408143435838132296838229295876179600549827    -1.469813351660618951373382245337387977019910789722605725262571118679735625294204
100    13    8    2.5981    -1.6358    2.464899834584822250791857515240453590100467840413947619784217058756143851865017    -1.673950043072617560938204724608543840483712496518137754863477287964861373893623
100    13    9    2.5981    -1.8283    2.434271128195198276111592226490959601953636413817331518795733390972750969153066    -1.880935391401946817587316910958466732313986785517713333265549194943046827058929
100    13    10    2.5981    -2.0207    2.40153299787339057306037103959449127238079106094841270027067770809569583725118    -2.090962529628562127814764468495239209836194676866968038540825771834383293217141
100    13    11    2.5981    -2.2132    2.367066806417370343626627265890996483284033867600396696385995891446266337993739    -2.304169831900148782973133812002266506635139269577958789869426486220194126688792
100    13    12    2.5981    -2.4056    2.33126568910157120033382535457903342513264359052599317748621921589676912947721    -2.52063632285154501832179664794593014071700020043519939873967672985311586573525
100    13    13    2.5981    -2.5981    2.294522469303396466470578095219381314026318136529860055479129992107432080434629    -2.74037996394492729154420980634028146994936953160533532119952810316443253749735
100    14    0    2.7905    -0.096225    2.790956556524701403164249265195910104327900296636591749924541775195259212251842    -0.09624116448050705284001869405844939605129221233160266411219387028618020393599576
100    14    1    2.7905    -0.28868    2.787277875487767821502821790068471469921935348317287093616980749738372862610115    -0.2888892709750410760271179738730411363420135025898677413909880901626858146190998
100    14    2    2.7905    -0.48113    2.779952722716633646416767490886377808521198020051869654923214960531370424372706    -0.4820336670117240830068275329299566042820822890474258650957685436198793195769082
100    14    3    2.7905    -0.67358    2.76904589193192316591641910310774137169242689261778485364066652737452082480331    -0.6760016049067316398225208953559257418718468107124371224961344893276323803017898
100    14    4    2.7905    -0.86603    2.754655419143127207360276655490004832597507564377951291019052302821037069492823    -0.8711144805873990302761638419063154383259998704449465044129529475113727351999135
100    14    5    2.7905    -1.0585    2.736913340464805124702644046854312560872941607321377136480719215998298092078243    -1.067684643172424675758914197891828581747225354259124542620265854420991943205326
100    14    6    2.7905    -1.2509    2.715986282865596482742216247298001958045539323316059057126517722764873792490052    -1.266011461011238334260083517401315055064249499261107599140779950683895220235343
100    14    7    2.7905    -1.4434    2.692075551572237354589863584214317538633472218656067870684009367397366576093322    -1.466376589835618839426207503419760882913136577683857795811127006397492531261637
100    14    8    2.7905    -1.6358    2.665416337254130095230795946866315497918557000748980997478262978537124467150279    -1.669038516258271955416005517600276049985993237724351341305093697612349820979238
100    14    9    2.7905    -1.8283    2.636275671585513381149400797896156622482829597019615147379243757109646513040493    -1.874226602855876754416904706984538410782340617417060025950323816558040392748677
100    14    10    2.7905    -2.0207    2.604948828211137082258243769828188034602006440388364461180339086154198160394899    -2.082135022191285010049050776325496792749953594103933391472671058816146882623687
100    14    11    2.7905    -2.2132    2.57175400701846086306198114449164405635990897733071032547850937260872264335035    -2.292917107549244629575762915743617510269912026482142686811427792908762687499269
100    14    12    2.7905    -2.4056    2.537025347097386105394034928561987927719688974375456094683907107000907174684265    -2.506680731383086529053520119060623064404312545871105007174960029627353131242717
100    14    13    2.7905    -2.5981    2.501104561127191268119804220077340232008513330590490072811559603984213347089502    -2.723485313772705644328147643599679157795604751191472756052533072410023744692508
100    14    14    2.7905    -2.7905    2.464331724655529911126376998490340035711187003040853347028443154291498346356379    -2.943340942892835899109379118889726518100292519869448066016580539346725253517506
100    15    0    2.9830    -0.096225    2.983378872601901347168338906785044679517772865857763767522103179169953901254504    -0.09623915240573743217097300790347905227102215672748720697640875993810299600881133
100    15    1    2.9830    -0.28868    2.979936578981918071991081071139419070607142281771132681907026931076431561957604    -0.2888625558904751556373233833471568735897722870629276175348821775820431256979379
100    15    2    2.9830    -0.48113    2.973078349978653541668379613801333227064505488152429027266127902964347107101575    -0.4819204592666233635500006479817663250132797216914527474489923407347428896638509
100    15    3    2.9830    -0.67358    2.962857174022073745315156891564934988767569049084935642364009209795659639250462    -0.6756997875980723296275869468951094545084018201200671506773108462903397188357699
100    15    4    2.9830    -0.86603    2.949353155677096844340643400966779675278717346209755488496006574070657112021533    -0.8704830531591588674926007753753139599206408924939412415200400891328417290684982
100    15    5    2.9830    -1.0585    2.9326741005807026677130631644107435595991455601054155463206056417971310609362    -1.066546014190779834397871011171093203960523517730176518310140157370006392249642
100    15    6    2.9830    -1.2509    2.912956030459959893130510560649662159550660337257944820204252882562782762171392    -1.264154817968104993183084102743290951095204950658572722372750995366960200970748
100    15    7    2.9830    -1.4434    2.890363412788214328673664195996366826447207858868408937358452794835849558176931    -1.463562572298408576209827931991719777936474000340214304672344704189196368653601
100    15    8    2.9830    -1.6358    2.865088857454211574005923915049281779385175542739084839693289845991117507118296    -1.665005364007132000561627848201623404137581521138439708300323367351594953923924
100    15    9    2.9830    -1.8283    2.837352024204463679856291771114622150285297952640951185546556370253101122563891    -1.868697834464499084239924947140777803243109190421590896541112056043056492808654
100    15    10    2.9830    -2.0207    2.807397509482579263663279568097565863988471914153153863947165104430066023615628    -2.074828523546615851972891450250620184922475559989980137397506006018667258072493
100    15    11    2.9830    -2.2132    2.775491547307632531688945991544070421031743219824271407962091825071782503111114    -2.283555291327523785683019957339833983042269153711733227874356947855027943290579
100    15    12    2.9830    -2.4056    2.741917467609856518838453846819149711803392258383429826410764652789813218098521    -2.495001202618718938923333085302687495986105583610116584641836381982343813143175
100    15    13    2.9830    -2.5981    2.706969998906347364719246452375802115841491734306157093568366411665366311444277    -2.70925129245979537975866885367493011310378972440866995757807653353621988169483
100    15    14    2.9830    -2.7905    2.670948661025010075891328053544201853269790217710571768874959488349105230664865    -2.926350603642499527430605381189900559269107142546826406279304841077068546818432
100    15    15    2.9830    -2.9830    2.634150639307211117934825161279045908886544118717088362803440220297208278552153    -3.146303793401264015896839462880833336894067268319276743745925908339247060989382
100    16    0    3.1754    -0.096225    3.175804557698637510878407413996939900649608049408080385906126125954514788801947    -0.09623749478598022456539641521455330511593132848346080523422146654065062352578314
100    16    1    3.1754    -0.28868    3.172570155316319932061133151482105726050466592312698042157446338860428772293028    -0.2888405440807136783979460846092547732248507370224177858540821922220506134819202
100    16    2    3.1754    -0.48113    3.16612319369660380755394721608488354030310198019462869881779052541928252453259    -0.4818271543050339851802411795830833222948044372801892214961898620573626204632175
100    16    3    3.1754    -0.67358    3.156507560011372283697955479095661755622137146619754545045740705071068184652826    -0.6754509114685097660931183493084309830334076279573091663501655857334211105008236
100    16    4    3.1754    -0.86603    3.143789549768148842854844173938759429131710215515455811141687527624684472410417    -0.8699620120228364669398975797226263705182535060474364246959416443514257420646352
100    16    5    3.1754    -1.0585    3.128058320133073738815041348781678151742499809249717301350720882862470293883242    -1.065605506709997718317603811585257356833181987103817929216062181557740251305752
100    16    6    3.1754    -1.2509    3.109426322500259758214780385210050289761350483098421830415282379556271139735498    -1.262619180335011405545466199112899319414723487097524504407054441428250444922501
100    16    7    3.1754    -1.4434    3.088029573005872833534073168117845718887697740288088024914444110080842636822039    -1.461231018175906232574330389768647647693921718613987341521591180560714657179693
100    16    8    3.1754    -1.6358    3.064027595613954735587718256001285332203706860974032090516581695576380083106047    -1.66165625446961141630133063493581075923050300882582170832403990108367414501168
100    16    9    3.1754    -1.8283    3.037602860784563954444827429200087131264453783748611329749980776179544090008192    -1.864094054281646059660471905825698470354559616855533654075513467575681521252193
100    16    10    3.1754    -2.0207    3.008959549308096086238799874047667000288138183914102428279190371430457892040147    -2.068723944071719864957171128282998363516132065033559989699023841679220945815624
100    16    11    3.1754    -2.2132    2.978321500873738862035960511410082355451324694737114902215413731887121349738603    -2.275702172226579066025279753301214621721044847440862965279987806990656831042646
100    16    12    3.1754    -2.4056    2.945929263219897753933874824677851501690463687437521784871343848486512014473765    -2.485158239317737009590944683396865145471778899815935157281284146631767670516344
100    16    13    3.1754    -2.5981    2.912036238829806012960148044242014163769681214796635652867791187733404115434904    -2.697191877195071304994119175485957912365025718198601786025204820560786535977864
100    16    14    3.1754    -2.7905    2.876904024783556406552186387446848778316747439833865747965336196130448190219989    -2.911870764646349443152108966128731721467241534697525619036513389538763768508041
100    16    15    3.1754    -2.9830    2.840797144278854630140455593987011729186360855279884016795738184944626302637282    -3.129229236956378080560209731824209023588730323457552147454792858780018076426956
100    16    16    3.1754    -3.1754    2.803977458089312379588964664836548907190136382479989911122674011086795797354401    -3.349268175650700095000388861761772366672586155768931473771519722072031622342473
100    17    0    3.3679    -0.096225    3.368233033743828055806423732020914044573299727283064177499343567995012509076454    -0.0962361130104014311950959464607992563427459514525697971867283874240261516589135
100    17    1    3.3679    -0.28868    3.365182878646948988603731538505441386018379025750694918439548327064582118357327    -0.2888221932126424218002221691292344080296201541840687781926622426791373008140245
100    17    2    3.3679    -0.48113    3.359100871846600080587171849208798447721420936805802812257467965888547019930975    -0.481749348520275143337613389412849384225388082912331066282356980078427521913353
100    17    3    3.3679    -0.67358    3.350023771014214264529815097087905052658790952554828157769364871048657209441141    -0.6752432949530387852189184899317841572387457283823096425515800081188348614512605
100    17    4    3.3679    -0.86603    3.338007065041635969063973457875723234674279863960216458483821104582177167533512    -0.8695271009116427227966490241337390510445973062726566874450166949884982581987564
100    17    5    3.3679    -1.0585    3.32312532765910835611259026575180790848378522938210482860048731462778999736812    -1.064819844320958066234159020289256869999968347547675833787563201712677115815763
100    17    6    3.3679    -1.2509    3.305472574653930925820196613730340595955380378580279238192850111802740039065968    -1.261335008387346756651490256487074838921151953473316899899609014503623629735105
100    17    7    3.3679    -1.4434    3.285162529973705770612412975945768000853149526566072444180426097792457158045496    -1.459278575051849987568022839045490493676805196579947955613805226524325630675504
100    17    8    3.3679    -1.6358    3.262328688378855719557627627685755045676936594121458680572495218927459996842153    -1.658846802839871030255365913650697231189265611177921403550082497437145820126634
100    17    9    3.3679    -1.8283    3.237124051479231831918249196669617899825986643927260342831000758509375566591077    -1.860223710676601474133361010787021190850249079514203291054177040568982927007858
100    17    10    3.3679    -2.0207    3.209720413279379596993047845951292036337072779658910300193587178900659225491848    -2.063578330116828752234723520712174665743162204390074540116400139131309519652319
100    17    11    3.3679    -2.2132    3.180307084109865294233969709113948016917840719464132716793348525143292718277723    -2.269061832426479913177442649389853147979604078920435554987027673913089678832919
100    17    12    3.3679    -2.4056    3.149088970529541629318605948659641311889847453593697077689126248329617049216999    -2.476804679274982954341844765586167008674778718582023856195527898400448070554616
100    17    13    3.3679    -2.5981    3.116283974022741463862242988246039436774130035012616999303759508867151614102846    -2.686913980055479165906092310237129852403400895556346444271340262309625734490142
100    17    14    3.3679    -2.7905    3.08211973075546714759937012761761702327438044408401089254753358577900341947416    -2.899471257903656424263004835858485561347767518912213094868880363236851463064121
100    17    15    3.3679    -2.9830    3.046829782520501710995715513191389564350821522028550535837308000369485162261543    -3.114530823938972095535987650233930571098678551295010939438845735805675473223868
100    17    16    3.3679    -3.1754    3.010649336381845578873976719213663581660181509966863875855450430573706122518353    -3.332118931279679780713739375800846608821045436413519764834459908652684911759312
100    17    17    3.3679    -3.3679    2.973810826735949277891272104540235337809725375669782689001846038450262163459398    -3.552233827371422785628848347423588448080386747423834044114965735939266687300132
100    18    0    3.5603    -0.096225    3.560663847784757968500788091182979456025373648738262743195942356569550932125254    -0.09623494910965035105945324935592010267265805362142107527653376620442495354739578
100    18    1    3.5603    -0.28868    3.557778107282767834617637109089289271986978244760563117415518505936278012275346    -0.2888067344261096488838680670163707334594440407002479131935889182829532161486454
100    18    2    3.5603    -0.48113    3.5520221154388475303073608719416926025973422568950517469526042353806894950764    -0.481683791519586383553377291071469119019577542938621467306806607006514198918509
100    18    3    3.5603    -0.67358    3.543426965622117023059506616336856871132886945460437343600670041697328186879143    -0.6750683059557753216503110319086537113849943066470090038155528266560026187424131
100    18    4    3.5603    -0.86603    3.532039568673787947505934167515446056958579962288338383882530291672367053287455    -0.8691603644790955713254676896978045427118131726245895826144788103941682539925504
100    18    5    3.5603    -1.0585    3.517922930867609285026864892533102462196447627839799597853863684215038906315008    -1.064156910611051045663033787268722973384371626322224467522870686190916916338537
100    18    6    3.5603    -1.2509    3.50115644685094026392815804588274859065728673936268027275044135689227499156971    -1.260250509628270899391760777834017129232263863023782327837174272022913087126528
100    18    7    3.5603    -1.4434    3.481836142789326857807075658543618101554804223276941834171601496774676848515055    -1.457627889857175561957094315003831610528037292438195802138340063670184777272229
100    18    8    3.5603    -1.6358    3.460074792116082656333113082304321544594727663012967542044666543216219519027917    -1.656468244713884870026036329600115872202966551298907928549602918190750736371016
100    18    9    3.5603    -1.8283    3.436001817277527113620991006152786950695894954181173952840872633669897990018761    -1.856941302153643277674727163022362451804973133456820604277259781121378911596381
100    18    10    3.5603    -2.0207    3.409762887620301285645253876012094815402276863509018160156716813639333535579695    -2.059205194685271368028088637456475530853965323424340656553384753905173695139307
100    18    11    3.5603    -2.2132    3.381519128185873379811382209608195170821520198133552509527138579664982402275352    -2.26340419248229573387383374869660631290046891256155519898741897787588046532153
100    18    12    3.5603    -2.4056    3.35144586848084550053815951724033675523597639817153006579666570981430233558933    -2.469666391947314728458926493616795777610121834406589151263520739964999836160384
100    18    13    3.5603    -2.5981    3.319730885275439894356014086259566887248280965912515093395625457770717962433763    -2.678101478874529111321455730859294051340321162265884467371110703768778235298094
100    18    14    3.5603    -2.7905    3.286572128726189623358037589848585363298450827347327312276649607025922239288972    -2.888798704884562533276837489062701386314414337740855232369189375998091796884078
100    18    15    3.5603    -2.9830    3.252174964326972318801849988066572023101377326600358442002342353771795795370105    -3.10182522376504361580636465474452624457598953437144418225319498485024426482422
100    18    16    3.5603    -3.1754    3.216749010068702658474005763689766786321785617605963465199768423994280110640426    -3.317224927266899266326959163820883319477938572544574808988485516238346011413992
100    18    17    3.5603    -3.3679    3.180504692810843035128587661329656124499425524453280419640367866876346201318748    -3.535017896155511558359143628730998576558082348274862528680970230869659648836843
100    18    18    3.5603    -3.5603    3.143649683614991661712411100857406318490430826091649108730472467855982289062207    -3.755200542921436272528217191826429050051827762227559229795473830661879062142908
100    19    0    3.7528    -0.096225    3.753096639868632455513155932789677185880934749156279270683873735450289034632844    -0.09623395957814108349206198704973347064462583577802136206906471172707462784461718
100    19    1    3.7528    -0.28868    3.750358516160208480488219326765145436995753983953097634305299391241231026093808    -0.2887935905589239286915386257092796792833147721663779641533122441754165919262988
100    19    2    3.7528    -0.48113    3.744895492397353391220212239899861294690874835391268046429977263629826929179256    -0.4816280419939923279481538058911295045153141025763390230965625874261944669321489
100    19    3    3.7528    -0.67358    3.736734104813266262178055223933023764519133709534837404849047460263695927617923    -0.6749194551285235657776323013113849857032131272300588281048797392644466155477803
100    19    4    3.7528    -0.86603    3.725914368420007190747485337557471022518630101259075701389734251021720358340475    -0.8688482855267477803603385229284419112584685731644074152565598904804417309170913
100    19    5    3.7528    -1.0585    3.712489997270474689589810059546013279579965307302157872893934089215253540864059    -1.063592478470966507441587720871652947773042373285443379471129780499710604128111
100    19    6    3.7528    -1.2509    3.696528644286739115170584999251840603326274051348507317088352384641612599280461    -1.259326503315068212493631669438103243005239177610916852292636165197689072511073
100    19    7    3.7528    -1.4434    3.678112115528179224948774717276629581924441494948794465899687182311447577175159    -1.456220220392212096528393371406459148139606247876511565554948329406119571668701
100    19    8    3.7528    -1.6358    3.657336504426088239792586591751181636130254629786146448041651401310764766043176    -1.654437565414510269258454428089638994198967856446281972717325496476550676663554
100    19    9    3.7528    -1.8283    3.634312184362231621122506007004819312668584002899223403452425802824752209380665    -1.85413505077804737056725799804997753758458216757886782165380121087612258879759
100    19    10    3.7528    -2.0207    3.60916359418369139696897240140429602397377479598873288147745085420544625468978    -2.055460100627836586429280642189479779368271569023096652332440738556492732290454
100    19    11    3.7528    -2.2132    3.58202875213442541663522638782479473112722371991798730462713840811180825390764    -2.258549256297069923943541431631898546785125982385739461612046828291557186730902
100    19    12    3.7528    -2.4056    3.553058440495899506568930387498619409357311922707491549743673425026636362342864    -2.463526309560823070050065294640637603500366300160137876121097704574378048260149
100    19    13    3.7528    -2.5981    3.522415016870713814483305096417525646106350961169548775285545911853887753196363    -2.670500441134535005261534745699211112147834497753761682321430275043573954274045
100    19    14    3.7528    -2.7905    3.490270828740634840827616625874441171330274833252779821714421393999140198361315    -2.879564458546195552719257675788680677058537869686097994764828234569898968738676
100    19    15    3.7528    -2.9830    3.45680623491845209520660382931590299733022475653167051465138510626236314141712    -3.090793238179991018878702570294985930810584564587906730601219732427697505834243
100    19    16    3.7528    -3.1754    3.422207268843368445052856480818029071210519264791431752977320330031795096037412    -3.304242478354929171825190078466992299648255408979141191839202697077236461243236
100    19    17    3.7528    -3.3679    3.386663011243353258492790913710598114983320874988894723635099890810842170701207    -3.519947861918861345288640964216783101906070403000489423230709336425224999297379
100    19    18    3.7528    -3.5603    3.350362769578898711626292180435721074841708243862285809982363513612158565411883    -3.737924707442355588359644324269444888653371824901471174325639917528945474014384
100    19    19    3.7528    -3.7528    3.313493184744921312383047657933102221661269605181927907402761912452053937649946    -3.95816815878938987324649199538917209403236368064044042431119455719790617631247
100    20    0    3.9452    -0.096225    3.945531120336259766119811028061666027511041141313361219674061126604059090212901    -0.09623311125037650831065309709677196804210174530330935340423071144783021312412949
100    20    1    3.9452    -0.28868    3.942926262023095974318734822299211735482157366107741485280009449292879624690653    -0.2887823215359076423610166204006433532345000394698738746316473960096497313305343
100    20    2    3.9452    -0.48113    3.937727924766236181207735108942481136850675776655473555162797163633205393637303    -0.4815802376454973324950133988871169390973954314935691969693591765679927796907466
100    20    3    3.9452    -0.67358    3.929958936890984397935345012083558750633394311866529542306053365172301391379565    -0.6747917884656225178707301780448885819372599249603744802729663591512627756589023
100    20    4    3.9452    -0.86603    3.919653706638836884921633835308466006493983142679960834670571585158330746991543    -0.8685805331232587528393192982538537629340562810765645305441960479050421071454609
100    20    5    3.9452    -1.0585    3.906858398130762578393986202111292473152234884688714868535405468558448049129135    -1.063108001127445430270873397850882068764453768597907640170586516255567661224337
100    20    6    3.9452    -1.2509    3.891631127968291647357077918632625030628995626335239476215948952358588931892986    -1.258532926736477929704450018387930051057850392548721430317718972531956532819199
100    20    7    3.9452    -1.4434    3.874042150498352164067619379078299173658769806631446423363461125953113516757598    -1.455010356556698755893291634500706599825582062525056956590729787071357698891026
100    20    8    3.9452    -1.6358    3.854173992915151786698304189058225147914366192414721507019917791569070493550562    -1.652690616886493055040998544075809138981325567359943525156759396182310759567079
100    20    9    3.9452    -1.8283    3.832121495819543942179990438780812189025555009656488800963371383064872191780373    -1.851718136928322137421681089234649486274755327469768164798879254000560352196805
100    20    10    3.9452    -2.0207    3.807991711310510193669369391102751813206896433656180840982222417632708153085768    -2.052230135661214245904917764654231401327023103484707113507161833365376024988737
100    20    11    3.9452    -2.2132    3.781903609965996547597179164191600949274191342478355916536158830974722577701854    -2.254355193593995372197843088531974487111479220441284414922651067358721497412761
100    20    12    3.9452    -2.4056    3.753987551017675498282734917647812620052103009183937451344924088530203863740488    -2.458211745157435462229708466494447615267634336229054046738627170756673729746273
100    20    13    3.9452    -2.5981    3.724384477338264302097709390502746443693702925738645499409213343412520569153992    -2.663906542098303232000695160493550720714316827123053286470990871881730462546527
100    20    14    3.9452    -2.7905    3.693244808921601957843151059082049918182058084975343891714587914304998061310576    -2.871533151488825160183577448750818406221889738341593406780542424549751847276932
100    20    15    3.9452    -2.9830    3.660727025209427488751665239367440055242425343262975580165580584780625647323845    -3.081170562169196024892956241877659525514352889812264845546032888097129857676924
100    20    16    3.9452    -3.1754    3.626995947096517334683746764614601509897455999321544719085939352686586779976765    -3.292881978844742036934016234095752816362132161500234410877714616916068011896788
100    20    17    3.9452    -3.3679    3.592220752183431070009032824693614376921630043941213905764097313269773199389678    -3.506713882143674838078290388005017643333345846051202307636552504947795935609198
100    20    18    3.9452    -3.5603    3.556572779643642728418859614748136415696757348457707733321571658067143824561279    -3.722695424758045861366442876578377306912910556934873550430069719094629890375964
100    20    19    3.9452    -3.7528    3.520223201320247262601984377632639535769626865757851388362985634002044515977508    -3.940838218264823945544503062572260391492433237819803844629679328917323483987349
100    20    20    3.9452    -3.9452    3.483340650741839523601388015996993537088451462281076743211161672739056235647817    -4.161136543333198822186004497706549008951424043352115140948591689296626438883756
100    21    0    4.1377    -0.096225    4.137967053459447407928151038084935074847658029371989292026086098418180868833131    -0.09623237848636597975055904067679889579033926336279824603243148466363141418333639
100    21    1    4.1377    -0.28868    4.135483102959294713174787552811564031282113484199922458967533680811150848164251    -0.2887725870800466245615031579176439592825622160101160445423385474369887585728255
100    21    2    4.1377    -0.48113    4.130525064729591647693356414786162018145279298413858286896525245679454458205955    -0.4815389379464983777172796009423435677406327531065557692785719041659666552606312
100    21    3    4.1377    -0.67358    4.123112719380077538891410228601879447145993150793787674651984190038669487504048    -0.6746814715072756571744002979383341199033115749955813903560205513272821544925877
100    21    4    4.1377    -0.86603    4.113275869610969961350128667262430278159136808756626456861115543795198864438056    -0.8683491034115850044988988484885068158372926505787270016189351765870120492870558
100    21    5    4.1377    -1.0585    4.101054481908761258698483199099511441825238772833610016412216846725107793376511    -1.062689090116134383086670314966079623732330896377628167082327085177661053965744
100    21    6    4.1377    -1.2509    4.086498848195761337995413498414741912692467244234740436654299724518638831002949    -1.257846414150608405992893167197159278418522334821160146456059698402771527490877
100    21    7    4.1377    -1.4434    4.069669744423258747073680962399322805416238489484514192147114333988238291635932    -1.453963072371121836713610275095660235239241446173000763477319903936579468494539
100    21    8    4.1377    -1.6358    4.050638558035474411061113986886895920322110831046414389446774905536528343055762    -1.651177255573257168982738379619868357770377319382920571988703449491289542257476
100    21    9    4.1377    -1.8283    4.029487351955747270618066417591796011726249873813203378533838297966028987171673    -1.849622414332763799886030893514682485945104845110699365929247109847724446890818
100    21    10    4.1377    -2.0207    4.006308829693872153550988859952381534499631395658263327397974633515515602458804    -2.049426213874605114593208017089121494675089345882776136558846550314222884440827
100    21    11    4.1377    -2.2132    3.981206164864137048807017978707450035198084432946947038125249573094316719771881    -2.250709390003206298698904184899178355919179904666962685831256560869158443888952
100    21    12    4.1377    -2.4056    3.954292659391548132854824877182228003915603786091468992218745792132689417450962    -2.45358452832176106410440182962959091882853441423406522185860868238572785059572
100    21    13    4.1377    -2.5981    3.925691198478785704612792164845171629229492879387780042884865176485550505444502    -2.658154799550370598127719648133129842153366292514098789031291307460424073794421
100    21    14    4.1377    -2.7905    3.895533477370050714322627205249089646310178788810337791288552071128977331936138    -2.864512693898249716916467564855111211003800211065406428620724043677700190401458
100    21    15    4.1377    -2.9830    3.863958985175974859087020827702854718613393634183445780825690546834230586835619    -3.072738806121292463662689895025909157062960206461468797794880608986221593288775
100    21    16    4.1377    -3.1754    3.831113744237151533812335780961663660702410539382883838669481288026537524881891    -3.282900728954750321625787598425058339995660803577074321422309843305120884819549
100    21    17    4.1377    -3.3679    3.797148818976022487611510500252420370138563770159937331416201597188941649424374    -3.495052114938962775544771723105363617884672136585269864356761470111829557021832
100    21    18    4.1377    -3.5603    3.762218624737688682301237200080308023680074567531428029331735944408297243004032    -3.709231964368484577300895095014234444008087499147867834691340463912523370535775
100    21    19    4.1377    -3.7528    3.726479083199427046852246588998110647100184506927274530742257579021092733291931    -3.925464189733340017064269130791235623250054200445857370920231188038728042082989
100    21    20    4.1377    -3.9452    3.690085684793993372897622827746665367507342334601338347856536831577938499685787    -4.143757494717756705293178607554651615395638921806394848248044304653500799368839
100    21    21    4.1377    -4.1377    3.615945414588090885149071224318817953348732973134998066971765408737971994168251    -4.58648774396434553972184121028463980370496998644320770127025832553915907436395
100    22    0    4.3301    -0.096225    4.330404245446175533675640087942642836759395641380749158578577158288848143228133    -0.09623174121188902556463826740249185040995476767340646238364286354735294554958957
100    22    1    4.3301    -0.28868    4.328030486343676271608940034699250827648942890339737744534267332392781797719544    -0.2887641207404236423220069034777059723539770334396086059743093193663985869378464
100    22    2    4.3301    -0.48113    4.323291572321828969213286070083570427739654779345877738512996155292671501972381    -0.4815030145355685273397300796547807353805152521649128743379749637789258039740705
100    22    3    4.3301    -0.67358    4.316204755776555916696832211532322488247593510198942477503235011626986418133488    -0.6745854991210487967361342724024515906045108602022442981234350714243631486281501
100    22    4    4.3301    -0.86603    4.306796021093314828644490145792954757520734765895397005842310023686301404034292    -0.8681477186382548107262817211470339258830057716273358907725615055021203437984433
100    22    5    4.3301    -1.0585    4.29510019962695952648793930696968255979779126122933631372867149164978094996823    -1.062324447304639678199521596942203434442236216570930726722096264690340992755012
100    22    6    4.3301    -1.2509    4.281161103141619262325209029949968570639942007072627127735944438312001500365904    -1.257248590185092160758354823810061395370562319742837683243706139283577654567798
100    22    7    4.3301    -1.4434    4.265031658912735151392852666490646506445612948157477632493780902424046264688138    -1.453050608961298182691202452766097941928742769214378988789557928722487390636953
100    22    8    4.3301    -1.6358    4.246774025920767618749002460397689334660922204770196142595595404632352307209239    -1.649857862868822245264343910308154139961736438449755090927117350435368415956029
100    22    9    4.3301    -1.8283    4.226459668280374767404656010059510111618388822785041269160350218457754615756102    -1.84779385943914623372339359478436634914107169622761802946836392969534243732924
100    22    10    4.3301    -2.0207    4.204169359523752284826294299878048140563416276816309580487937614237661616494585    -2.046977415159258095762435094064914177846255207702316979996986755144715920068205
100    22    11    4.3301    -2.2132    4.179993089925143302394125119394610989431191636216177199019210581965180114361514    -2.247521732587150288963437016170795745750693742342175990288130896376100865871836
100    22    12    4.3301    -2.4056    4.154029849082324380227680247621072673578869218266202208049347047397180198618793    -2.449533407663166645763065746674419805324775574946878890669929642612856421148807
100    22    13    4.3301    -2.5981    4.126387257819577962291557819151363826298322261751723543676394299462777190561052    -2.653111388614553097157009177406826873143367146761130887596664867527810753432798
100    22    14    4.3301    -2.7905    4.097181027439027894637448069613776012589636827285118807789011631367698243027724    -2.858345915484851424769974504999899965175050561463297202704924900347523594572532
100    22    15    4.3301    -2.9830    4.066534230581885529522502578929381071839798497507478139225076137386226176062065    -3.065317476302730651111315923520611774735307842163299844216393503891220047499784
100    22    16    4.3301    -3.1754    4.034576376420497519014258145692806104362249490586984647017085014178982422114743    -3.274095821499660633867282286002915995112899118109890545647191854702479930405543
100    22    17    4.3301    -3.3679    4.001442293273617556100651513214070080555502959247513660777993521857752977941818    -3.484739081621717336536237585613756735830635389742744316039274344511893681956398
100    22    18    4.3301    -3.5603    3.967270833414681336686989868455215881011477433339516095269623037826573429157812    -3.697293033957887988349600835087459788041718561741708744296870434617783495064074
100    22    19    4.3301    -3.7528    3.932203426942185585878207699920962140584452916831070267744724732883536647017632    -3.911790560918765199405198973238195415770399847479243470356910807492771417002606
100    22    20    4.3301    -3.9452    3.896382523012625778471763737361267040819995524049116202268090123210749542140942    -4.12825133664997330277038386232629346032980639817963304741183104870469583646978
100    22    21    4.3301    -4.1377    3.859949966328825742235937848428984546875243786439951366464493308206275246848368    -4.34668176865702491452305430752462725210464376155198016168695100099406487889349
100    22    22    4.3301    -4.3301    3.85994996632882574223593784842898454687524378643900588785387855171392615043898    -4.346681768657024914523054307524627252104643761554536508541379983322018205622171
100    23    0    4.5226    -0.096225    4.522842535511104782866079070604845016864491565522716586342091868471189853031497    -0.09623118352927588553607614436531415741677634761295044849120050479166916072619299
100    23    1    4.5226    -0.28868    4.520569614508145511962424038273628362376404338870094485077671158502352292657402    -0.2887567114759082006891726728838588390951001461996733789618544816436973572749337
100    23    2    4.5226    -0.48113    4.516031323485419309954569045925487142044105352604516306484697715105109746814679    -0.4814715734483669003215649701146508478142066492744548945427847444612350103469443
100    23    3    4.5226    -0.67358    4.509242799946289187509868834870501892774404051140456831201175181189192175331691    -0.6745014893479953808291494601113331220127187171187990845905216456179076696202807
100    23    4    4.5226    -0.86603    4.500226835828991882556362676117584333957453408870005715320987729456967416623241    -0.8679713995120849736598724970244403334861373774453661449733867895021272494044462
100    23    5    4.5226    -1.0585    4.489013971494046744585031201656084730619074636924811363261758788956323593521738    -1.062005102962375767203588992551576569613849477715733441090204084212189542397643
100    23    6    4.5226    -1.2509    4.475642606373461953837452576803094968373866947479018206188749154456310552636328    -1.256724847766982031100852486718665401361407159708463424995833909301404242007599
100    23    7    4.5226    -1.4434    4.460159113856209013316877644966764557867692101352623248976693787466630187560502    -1.452250862855773400704836085301670812567225620202285508387903638401186577539424
100    23    8    4.5226    -1.6358    4.442617945147824990477814312091517562180386024415239729578894244470279180953124    -1.648700823064499448359652684346083439378612399607916466318174899438707971679545
100    23    9    4.5226    -1.8283    4.423081704312768063663199016311081768980042859500152066394278631808012529785939    -1.846189242304252340867644142980830098039618172145760603311596986891077548962076
100    23    10    4.5226    -2.0207    4.401621174660857098159708714781176729596886841009098369974296798143639314407162    -2.044826793587576993145138263995807734229045698878069493302291433539555948266749
100    23    11    4.5226    -2.2132    4.378315275289449295139530787189530499898913075319226106488939272564119549663017    -2.24471955917052168092200325352277440426647425680398116384087336515137590718217
100    23    12    4.5226    -2.4056    4.35325092618513123731088626384342388693788076257862771717550343455078782170468    -2.445968219201539598281597107008036309796420213207921262124195592257245636818626
100    23    13    4.5226    -2.5981    4.326522801072763492029992840498534403052900370836176751810949561534984395603965    -2.648667192824808026683935603197758457404884079840959403228398481948400293349226
100    23    14    4.5226    -2.7905    4.298232949399213979043363422931282952991610878982622028349016285039171025414767    -2.852903751387092331996993417567705726716924231489020201858299944473012098728618
100    23    15    4.5226    -2.9830    4.268490272609936875648399642511510968876826318507818232678693718006100097030242    -3.058757128861406014490525632060057420499847009575552800473929219159424561030196
100    23    16    4.5226    -3.1754    4.237409845262109933259429270784473375712133640248705578615778270388599914516522    -3.26629765935888899301851731992108115545924118121617865761530380970931849724733
100    23    17    4.5226    -3.3679    4.205112078407446937036972293470570634222669232682417018285542629294264208302489    -3.47558597513378022691547977042506822311434877669091759075234152904101829737026
100    23    18    4.5226    -3.5603    4.171721730776346527848943902371308761528523147526915358683728010928588586664463    -3.68667230028195047013869653844184288385405456749015424165350987683578454738976
100    23    19    4.5226    -3.7528    4.137366782116750062470309826333228844079377299293058360885817931551696168831749    -3.899595874954982479663295940843442168342043028418282666810554457052969429783511
100    23    20    4.5226    -3.9452    4.10217719193138102062272718878912386844804655899120396723316117534162330033604    -4.114384542077225671504672821407102531351959683285461858053109139384009172576273
100    23    21    4.5226    -4.1377    4.066283575048993693336295624678847209885297280151791737714299383974563782267342    -4.331054523204141207791469782988437259108352566045218276815752092786165442654217
100    23    22    4.5226    -4.3301    3.843193951755799739731569205616280690626985412081782279096801885322453872943051    -5.670067188502686888166858704722620902573269679073402459614329907949558200479402
100    23    23    4.5226    -4.5226    4.029815832166018069545977325594946085875095199045253531524613405529944304605367    -4.549610402507425469046548898332176661012635173458733668637125393579936840879684
100    24    0    4.7150    -0.096225    4.715281789134745246766334830931871126446870682644200249936280993242778077428351    -0.09623069271650185382314921493026393917576333758188423307804278242268348375435324
100    24    1    4.7150    -0.28868    4.713101494447048833477060711232669913904461664637766987053920518797577013404775    -0.2887501903833277053465629081498657904001946685076890230476655226104666712498296
100    24    2    4.7150    -0.48113    4.708747567992188932078134784164727880613345394225921259979222024611031136752276    -0.4814438990415764231418630888460543556776313227689923161911733438540727977365595
100    24    3    4.7150    -0.67358    4.702233364543664684908802115223836232234455234811309657531715163666559987458576    -0.6744275346127042766822078399879095807828895718651181838720260799645737268161081
100    24    4    4.7150    -0.86603    4.693578986232487038475686127833033538796905298317158006027025789770147119470785    -0.8678161561051225957231388861894980411644323256260668918379998763226555342891376
100    24    5    4.7150    -1.0585    4.682811359912073632079713714281406458330860734649689323111701475079234704989715    -1.061723863851988070766681257676679958003542232147161723061093384940616229677907
100    24    6    4.7150    -1.2509    4.669964329346226826794576883328353800289525503656291102147356325378202135064146    -1.256263460206893840486737091479842316364905116545202132371527579170619668007103
100    24    7    4.7150    -1.4434    4.655078752916331213418854712733159381352211413033126291224601759038894779131918    -1.451546064122336684441546102658106111098582295707117845257740296905998125542893
100    24    8    4.7150    -1.6358    4.638202595391807112903229163500551058719908874014401392565496747977920670392678    -1.647680672763698762367496319191411234841203961991335573965545557380327467847193
100    24    9    4.7150    -1.8283    4.619391000353452475823145160908861741307841530106410256531157441152847351708292    -1.844773665524615099182015413458635007611403102568099911553370765220648939272063
100    24    10    4.7150    -2.0207    4.598706328215707691156211142861213373845325065623395179706929376856861167908105    -2.042928248532555186274315505485576558560123841194192408580410488018765681731577
100    24    11    4.7150    -2.2132    4.576218143602634610849829370142229168706818392327482835962270112751917922548847    -2.242243840963054181899201587978776434532324810390426010723027589042101950200698
100    24    12    4.7150    -2.4056    4.552003135257101547522574669538150593611131733091690887264267935981855492628374    -2.442815408172346277415292607053791129310837422675587504234728833669221056492913
100    24    13    4.7150    -2.5981    4.526144951876684164668889301626597731855752686556079455341367922363572216529956    -2.644732750711309533706753411402829930289778046963022457744805238766429060315668
100    24    14    4.7150    -2.7905    4.498733938437792088759982317248204312536341940118924007641847320271765294136899    -2.848079762533889272823965881447375079303234688850520746963636082179933220806333
100    24    15    4.7150    -2.9830    4.469866759823307843851460099557926575649653581485806715732117276406461808682649    -3.052933675927061033622523052947817529442338515367958996442882922450920564249615
100    24    16    4.7150    -3.1754    4.439645901979589392765391162178576260243568406680923686910444205771965321463237    -3.259364314569907774108961491943372122106687823855732787415597026077970945634116
100    24    17    4.7150    -3.3679    4.408179045378042391068256587330930426825356956877007867191271558098757072546773    -3.467433379332567613920899064323491865958299483837588708176168810003967962754941
100    24    18    4.7150    -3.5603    4.375578311113941245880199202260623538465931722062891448517236235035358948901736    -3.677193793589869865820870449272467653309821971169794438946845314648760528012655
100    24    19    4.7150    -3.7528    4.341959386284036451752781103666116054300724344520713235305066437295152893079514    -3.888689135610221381225280404309186629430482292708292036229532668388426562760044
100    24    20    4.7150    -3.9452    4.30744054196433414816086155550630076791406171531740941166870717506425136178063    -4.101953184718956618053765700347715638117496658763757464055577118630808835738746
100    24    21    4.7150    -4.1377    4.272141563678259245509104312119606139187609426704919832813603866764786284647233    -4.317009605277088690265219072088725452397900765469400277931376471840002476984747
100    24    22    4.7150    -4.3301    4.236182620162019039391644990087611327757444941358954481306369779537324563290782    -4.533871788070782819960624765904226305700222227200957277725376499277165669000523
100    24    23    4.7150    -4.5226    4.236182620162019039391644990087611327757444941356308845103399060612499632160512    -4.533871788070782819960624765904226305700222227211511150490743031659111932599529
100    24    24    4.7150    -4.7150    4.199683100957280674275557553889895212487209049040226015238105271070614828055459    -4.752542862666228339146933149406603853427344803932226694850291605924876417076974
100    25    0    4.9075    -0.096225    4.907721892909933869188105730656670788588720298065781648047747184293103894612206    -0.09623025849533163448328985520226908112662908496616151519646960179925622903697122
100    25    1    4.9075    -0.28868    4.905626975905603722356967739368938528905525994868427425226767802962403834587227    -0.2887444209911403866205673723416426924813629559712543388566202501135399849410257
100    25    2    4.9075    -0.48113    4.901443050749575964629177888819063631730126288121970699165820453705739963389838    -0.4814194129620604022275718981220659005326271491344491630185566590661076464285096
100    25    3    4.9075    -0.67358    4.895181958891974324779195504966693165890072563137823066211255285198422380496197    -0.6743620927655898867591094833987862798243972571114766436999917019624235974476897
100    25    4    4.9075    -0.86603    4.886861520086043898794058509641937628237114984532731409174336298361315747851719    -0.8676787612213970681163160070189835789204139048019826475699251950166003007259516
100    25    5    4.9075    -1.0585    4.876505596492331137255648560520661145064337046035533579419004579814033158574122    -1.061474907840539525440806776017536345572537924184122885011397367989646323889517
100    25    6    4.9075    -1.2509    4.864144169858244948061956842094177771099121066932438985175165621483410130432763    -1.255854927351385946183720103380182798874801954765761977214066171987532279854424
100    25    7    4.9075    -1.4434    4.849813424727603660031399636652194274995882277615439342631202233340752802159868    -1.450921799588412600280065444181217504880619162257744335327064215704854848726074
100    25    8    4.9075    -1.6358    4.833555828987523789480524704854904900937985132743474461615828653108001124378037    -1.646776727053281886396220929413719187974084730229326789421259738903184789298323
100    25    9    4.9075    -1.8283    4.815420201542134178034940076987341890373432175336157248549102095004951202139233    -1.843518726048458269601922595113826399894616189878115052838044314206729106499031
100    25    10    4.9075    -2.0207    4.795461755588509294163366452127780773719307866102376525640354638475253575157146    -2.041244169242430306338162780382390178901518632427706007362660879165322318041256
100    25    11    4.9075    -2.2132    4.773742104953990284164001062994792338550759033549438705289580041308533282038878    -2.240046279856346377333608011718472842072104645715094910834804855465791423313081
100    25    12    4.9075    -2.4056    4.750329220346239716530726249318904577624972582865390021390737460291529557677623    -2.440014580343075334718030769617617297621556255896637134461468782208780931010939
100    25    13    4.9075    -2.5981    4.72529732228822877970806882774865052456816653022286071992489333283124332132058    -2.641234301405652363251062377983624256138581134675319349804671307661401099219535
100    25    14    4.9075    -2.7905    4.698726698079310572668960373501554782631214750200677217440455675409231572241417    -2.843785760375433701270460324851062397861418488073185404989178865228566459461289
100    25    15    4.9075    -2.9830    4.67070343144484365835683312135130932450872204996515588566632691867900550984666    -3.047743721197872451862146736702598658014857797850711745616872603789303131927875
100    25    16    4.9075    -3.1754    4.641319035682313723036053254400319582876333174041822508600903593412229716663047    -3.253176751367242915552029654883595651719349639837802256151475251211482316240118
100    25    17    4.9075    -3.3679    4.610669984102406088075773489389856075185741933453505513773432061314037084800087    -3.460146593884457183810115268977180171059443989067866646852769062557588800726431
100    25    18    4.9075    -3.5603    4.578857135351630140088383969634805574910078214245576612116733046470959432073549    -3.668707574434673400897396117814791907173572745961408774235496166379732790320727
100    25    19    4.9075    -3.7528    4.545985055660541085868558300819166365350477132270735661701129390766335696166889    -3.878906065243221289328451490540431927148725199393166046407743983398618173684695
100    25    20    4.9075    -3.9452    4.512161244974267215020990844297930450057640225233357430277142793212030379748734    -4.090780027246833956332990163023523087116762374740557871663426943406023887890138
100    25    21    4.9075    -4.1377    4.477495278996351771368303794904539953143143966629044166562975347959854883342883    -4.304358651149253833714410917591755530598764332876294605505090491240415778278449
100    25    22    4.9075    -4.3301    4.44209788405869426148726329944137899034966567756330700605553322276450655278377    -4.519662115542901934499790686473484712993094435897072762088930990865207021708199
100    25    23    4.9075    -4.5226    4.332621132451437761447176143728077284534552128152657873709868379376947773549864    -5.175986833019024184406685036442316476862285469682412655051015478988762629257773
100    25    24    4.9075    -4.7150    4.406079966036118138964064283624323598837086551166942847409669462106465868398803    -4.736701476611755702450648860292816215993523945808963244548564642430483042950342
100    25    25    4.9075    -4.9075    4.369551617881718708476223946048644661583737603414938941401801442008098790157813    -4.955478699149929185379146420060020238937333133656812035234947960665169367050995
100    26    0    5.0999    -0.096225    5.100162750555981710330322785749801207170230963371171608148885559763937956135273    -0.09622987248892863167824255246714499953739599940513529660221850235165533737010123
100    26    1    5.0999    -0.28868    5.098146780897647325478393910126502430396461318908707048941111951206856932132318    -0.2887392920645812834341635335357795003961274528885365273349079514770306499285029
100    26    2    5.0999    -0.48113    5.094120106008853418887013253741576264048944077276780049090211187803112707392558    -0.4813976437198906409123924638169743875538719806143414483729729515878081770665853
100    26    3    5.0999    -0.67358    5.088093274377913702983033858465272785159153186887458906034533990760339395737163    -0.674303906227529672154039550971871297944647821368526028201622942771538819014025
100    26    4    5.0999    -0.86603    5.080082156455597506734672671011893719444026494577995552738406661104859400739745    -0.8675565820405423077362110890092414043579820691233259650310466655081516646209584
100    26    5    5.0999    -1.0585    5.0701079981044352539489161526458261802896305185798117261577080848151808303325    -1.06125348229093336877204177937874844179346676353023278744277100443599093395397
100    26    6    5.0999    -1.2509    5.05819748552568041341014890526367429967638558530862179634868897601462941981275    -1.255491488085607137498201956202693093974179446503529870508432084637995357130442
100    26    7    5.0999    -1.4434    5.044382816272714468057249678546606339700201528409139640758312176306069411853849    -1.450366282462856023004896736267164717921563227923315110321511665886267172614962
100    26    8    5.0999    -1.6358    5.028701769688021811609371281735656628882339059304866332457527755079981109717191    -1.645972048278791753993534537796566251448076636393493042395803357367433382675897
100    26    9    5.0999    -1.8283    5.0111977689152473379087240667868169575276846371119829548889657908953133330115    -1.842401128451318274967129151399758768690068356909936772959668246866677552286285
100    26    10    5.0999    -2.0207    4.99191992558793280523888802394219466348227760293762093745283036490038812246367    -2.039743646415689537315266127500087530419118244754915305423154676601392348392942
100    26    11    5.0999    -2.2132    4.970923057445624680416668983420282531097092663128331164797167922709801610067795    -2.238087086346801933974015339173870152402222080612586362502727004797750514223856
100    26    12    5.0999    -2.4056    4.948267668551547906210669514033395372740969783194044359588412073166801109583668    -2.437515834669905006289240019668952934965146871297934502805634077467934045523013
100    26    13    5.0999    -2.5981    4.924019881567706513484578174173922136244481280135293270826791045887308215815668    -2.638110686582551540274079266500245550754346596582686016686985299463400571750183
100    26    14    5.0999    -2.7905    4.898251311769122690576870619293727341853330630116649527429395964056920968330451    -2.839948323688663755116218651211109317880285666659618475448455823984734286258462
100    26    15    5.0999    -2.9830    4.871038873228688459851476256699560057638975518449298595226830194946606652185433    -3.043100771312331775163420870255026960774200901116086804329470101166915871055131
100    26    16    5.0999    -3.1754    4.842464508940539172020441270385425434637545615865720267825061878460203529467186    -3.247634846494572516348600857385602060886736900613875314176945235250121080902033
100    26    17    5.0999    -3.3679    4.812614838606755253487383769138492796009358054227529352368074783923782129080084    -3.453611609932069928613528227402578297299993739188768425061013505337226422980473
100    26    18    5.0999    -3.5603    4.781580720382364352267273876739488986558470148277568313924869584413035305175429    -3.661085837022590014100242784039176429534298782219405901775523625328923640237877
100    26    19    5.0999    -3.7528    4.749456725998651240835261709438364838292246969382994573435950669269784613035241    -3.870105524557614156248576445087724519739913868454148018695222785116301496087619
100    26    20    5.0999    -3.9452    4.716340532248744022060666908172564973763651751830675198633214533888804295862125    -4.080711450276426402937992115699968175856031660711051387307070185695247397634025
100    26    21    5.0999    -4.1377    4.682332235648445598331758269652480862121721324137165955046403738259793397465819    -4.292936802322467470154726518975642349741003784693199992979906935148785905439706
100    26    22    5.0999    -4.3301    4.647533600954610675983055257045927969878644946719841832047983557951233587663467    -4.506806894525629647851968221668573312002996777780774641698962833506244948459392
